15
0 470 7830 8013 109 928 6192 621 1170 6218 1013 2969 6650 9197 2490
470 0 7176 9169 7403 1137 7224 969 7640 9582 9705 28 6500 9337 9581
7830 7176 0 3739 1719 8219 3324 9167 4973 428 231 6903 6107 7584 9661
8013 9169 3739 0 3005 5886 5903 605 7417 3485 5634 5924 7642 3146 8333
109 7403 1719 3005 0 5407 8665 5905 5506 5754 4753 9791 7559 2253 104
928 1137 8219 5886 5407 0 243 2360 8538 7779 8463 1095 900 82 7173
6192 7224 3324 5903 8665 243 0 4991 2380 3267 9977 7485 2103 6220 3591
621 969 9167 605 5905 2360 4991 0 2391 9913 326 969 2467 6381 5074
1170 7640 4973 7417 5506 8538 2380 2391 0 3213 8934 6712 4099 4707 3986
6218 9582 428 3485 5754 7779 3267 9913 3213 0 7425 7443 664 8284 1445
1013 9705 231 5634 4753 8463 9977 326 8934 7425 0 1303 8218 1037 5379
2969 28 6903 5924 9791 1095 7485 969 6712 7443 1303 0 8396 3332 3882
6650 6500 6107 7642 7559 900 2103 2467 4099 664 8218 8396 0 2549 9817
9197 9337 7584 3146 2253 82 6220 6381 4707 8284 1037 3332 2549 0 5289
2490 9581 9661 8333 104 7173 3591 5074 3986 1445 5379 3882 9817 5289 0
